0.0 3.000000106112566e-06
0.0 3.000000106112566e-06
0.0 3.000000106112566e-06
0.0 3.999999989900971e-06
0.0 3.999999989900971e-06
0.0 3.999999989900971e-06
0.0 3.999999989900971e-06
0.0 3.999999989900971e-06
0.0 4.999999873689376e-06
0.0 4.999999873689376e-06
0.0 4.999999873689376e-06
0.0 4.999999873689376e-06
0.0 4.999999873689376e-06
0.0 4.999999873689376e-06
0.0 4.999999873689376e-06
0.0 4.999999873689376e-06
0.0 6.000000212225132e-06
4.999999873689376e-06 6.000000212225132e-06
0.0 6.000000212225132e-06
4.999999873689376e-06 7.000000096013537e-06
3.999999989900971e-06 9.000000318337698e-06
7.999999979801942e-06 9.999999747378752e-06
0.0 1.2999999853491317e-05
0.0 1.4000000192027073e-05
0.0 1.4000000192027073e-05
3.000000106112566e-06 1.4000000192027073e-05
0.0 1.4999999621068127e-05
0.0 1.5999999959603883e-05
0.0 1.700000029813964e-05
3.000000106112566e-06 1.8000000636675395e-05
4.999999873689376e-06 1.8000000636675395e-05
1.4000000192027073e-05 1.8999999156221747e-05
0.0 1.8999999156221747e-05
6.000000212225132e-06 1.9999999494757503e-05
1.1000000085914508e-05 2.099999983329326e-05
3.999999989900971e-06 2.099999983329326e-05
7.999999979801942e-06 2.2000000171829015e-05
0.0 2.2000000171829015e-05
0.0 2.2000000171829015e-05
3.999999989900971e-06 2.2000000171829015e-05
3.999999989900971e-06 2.300000051036477e-05
4.999999873689376e-06 2.300000051036477e-05
7.000000096013537e-06 2.300000051036477e-05
9.000000318337698e-06 2.300000051036477e-05
0.0 2.4000000848900527e-05
4.999999873689376e-06 2.4000000848900527e-05
0.0 2.5999999706982635e-05
3.999999989900971e-06 2.5999999706982635e-05
2.4000000848900527e-05 2.5999999706982635e-05
2.4000000848900527e-05 2.5999999706982635e-05
7.000000096013537e-06 2.9999999242136255e-05
1.4999999621068127e-05 2.9999999242136255e-05
0.0 3.099999958067201e-05
0.0 3.099999958067201e-05
3.999999989900971e-06 3.199999991920777e-05
0.0 3.199999991920777e-05
4.999999873689376e-06 3.400000059627928e-05
4.999999873689376e-06 3.5000000934815034e-05
3.000000106112566e-06 3.5000000934815034e-05
0.0 3.5000000934815034e-05
2.300000051036477e-05 3.600000127335079e-05
0.0 3.7999998312443495e-05
4.999999873689376e-06 3.7999998312443495e-05
2.099999983329326e-05 3.899999865097925e-05
3.999999989900971e-06 4.3000000005122274e-05
0.0 4.5000000682193786e-05
1.2000000424450263e-05 4.999999873689376e-05
4.999999873689376e-06 5.0999999075429514e-05
2.9000000722589903e-05 5.700000110664405e-05
2.4000000848900527e-05 5.700000110664405e-05
4.999999873689376e-06 5.8000001445179805e-05
5.8000001445179805e-05 6.199999916134402e-05
3.000000106112566e-06 6.199999916134402e-05
7.999999979801942e-06 6.299999949987978e-05
7.000000096013537e-06 6.399999983841553e-05
2.5999999706982635e-05 6.500000017695129e-05
3.7000001611886546e-05 6.900000153109431e-05
0.0 7.500000356230885e-05
2.2000000171829015e-05 7.79999973019585e-05
1.5999999959603883e-05 8.499999967170879e-05
1.4000000192027073e-05 8.70000003487803e-05
0.0 8.70000003487803e-05
8.299999899463728e-05 9.000000136438757e-05
4.999999873689376e-06 9.300000237999484e-05
1.700000029813964e-05 9.899999713525176e-05
2.099999983329326e-05 0.00011600000289035961
8.800000068731606e-05 0.00011700000322889537
9.100000170292333e-05 0.00011700000322889537
3.899999865097925e-05 0.00011999999696854502
3.5000000934815034e-05 0.0001230000052601099
3.600000127335079e-05 0.0001250000059371814
8.70000003487803e-05 0.00013000000035390258
8.099999831756577e-05 0.00013000000035390258
4.999999873689376e-06 0.0001320000010309741
4.5000000682193786e-05 0.00013299999409355223
4.199999966658652e-05 0.00013899999612476677
9.899999713525176e-05 0.00014000000373926014
1.4999999621068127e-05 0.0001500000071246177
2.499999936844688e-05 0.00015799999528098851
0.00013600000238511711 0.00017100000695791095
1.5999999959603883e-05 0.00017699999443721026
0.0001320000010309741 0.00017800000205170363
0.00017600000137463212 0.00018699999782256782
0.00010599999950500205 0.0001990000018849969
2.5999999706982635e-05 0.00021699999342672527
9.699999645818025e-05 0.00021699999342672527
3.600000127335079e-05 0.00022200000239536166
0.00011999999696854502 0.0002229999954579398
0.0002099999983329326 0.00022600000374950469
6.399999983841553e-05 0.0002300000051036477
0.0001610000035725534 0.0002479999966453761
1.2000000424450263e-05 0.00024900000425986946
0.00020399999630171806 0.00025099999038502574
4.70000013592653e-05 0.0002519999979995191
0.00020199999562464654 0.00025400001322850585
0.0002280000044265762 0.0002570000069681555
0.00022000000171829015 0.00026199998683296144
2.9999999242136255e-05 0.00026500000967644155
8.299999899463728e-05 0.00026599998818710446
0.00026000000070780516 0.0002690000110305846
0.00019200000679120421 0.0002699999895412475
9.500000305706635e-05 0.00027200000477023423
0.0001340000017080456 0.0002730000123847276
0.0002229999954579398 0.00028199999360367656
0.00029299999005161226 0.000295000005280599
0.00017499999376013875 0.00029600001289509237
8.800000068731606e-05 0.0003000000142492354
0.00016199999663513154 0.0003009999927598983
5.900000178371556e-05 0.0003110000106971711
0.00023299999884329736 0.0003129999968223274
0.00026699999580159783 0.0003150000120513141
0.00018099999579135329 0.0003220000071451068
0.00023499999952036887 0.00032500000088475645
0.00031599999056197703 0.0003349999897181988
0.00024199999461416155 0.00036800000816583633
5.400000009103678e-05 0.00037799999699927866
0.00037200000951997936 0.00038499999209307134
0.0003319999959785491 0.0003910000086762011
0.0003279999946244061 0.00039999998989515007
0.00018899999849963933 0.0004030000127386302
0.00031900001340545714 0.00040600000647827983
8.399999933317304e-05 0.00041000000783242285
0.00031800000579096377 0.00041099998634308577
0.0002629999944474548 0.0004250000056345016
0.0003480000013951212 0.0004290000069886446
0.00029299999005161226 0.0004299999854993075
0.00037900000461377203 0.0004360000020824373
0.00017699999443721026 0.0004400000034365803
0.0004250000056345016 0.0004440000047907233
0.0004079999926034361 0.0004450000124052167
0.00030399998649954796 0.0004820000031031668
0.0001340000017080456 0.0004820000031031668
0.00030700000934302807 0.0004920000210404396
0.00019500000053085387 0.0005070000188425183
0.0001829999964684248 0.0005189999938011169
0.000450999999884516 0.000522000016644597
0.0002010000025620684 0.0005540000274777412
0.0002579999854788184 0.0005639999872073531
0.0003129999968223274 0.0005680000176653266
0.0003000000142492354 0.0005859999801032245
0.0002800000074785203 0.0005879999953322113
0.00011899999663000926 0.0006060000159777701
0.0005859999801032245 0.0006270000012591481
0.00046499999007210135 0.0006319999811239541
0.0004529999860096723 0.0006350000039674342
0.0004299999854993075 0.0006419999990612268
0.0004769999941345304 0.0006469999789260328
0.0004309999931138009 0.0006510000093840063
0.0002849999873433262 0.0006600000197067857
0.0003819999983534217 0.0006840000278316438
0.0004140000091865659 0.0006880000000819564
0.0004299999854993075 0.0007089999853633344
0.0004990000161342323 0.0007249999907799065
0.0006600000197067857 0.0007409999961964786
0.0007409999961964786 0.0007489999989047647
0.0005230000242590904 0.0007520000217482448
0.00020799999765586108 0.0007580000092275441
0.0006699999794363976 0.0007590000168420374
0.0007580000092275441 0.0007810000097379088
0.00029399999766610563 0.0007869999972172081
0.0006890000076964498 0.0008019999950192869
0.0007479999912902713 0.0008089999901130795
0.00034699999378062785 0.0008169999928213656
0.0004090000002179295 0.000818000000435859
0.0002579999854788184 0.0008210000232793391
0.0008069999748840928 0.0008249999955296516
0.0005419999943114817 0.0008370000286959112
0.0005549999768845737 0.0008549999911338091
0.0008360000210814178 0.0009539999882690609
0.000859999970998615 0.0009560000034980476
0.0005910000181756914 0.0009640000062063336
0.000678999989759177 0.0009820000268518925
0.0007619999814778566 0.0010010000551119447
0.0007409999961964786 0.0010029999539256096
0.0009960000170394778 0.00101200002245605
0.0008239999879151583 0.0010219999821856618
0.0010000000474974513 0.0011119999689981341
0.0010779999429360032 0.0011139999842271209
0.0 0.0011350000277161598
0.0 0.0011390000581741333
0.0009679999784566462 0.001155999954789877
0.0010339999571442604 0.0012169999536126852
0.0 0.0012410000199452043
0.001164000015705824 0.0012789999600499868
0.0008759999764151871 0.0013439999893307686
0.0010049999691545963 0.0013970000436529517
0.0013879999751225114 0.0014149999478831887
0.0009599999757483602 0.0014349999837577343
0.0012550000101327896 0.0014380000066012144
0.0012240000069141388 0.0014600000577047467
0.001310999970883131 0.0014649999793618917
0.0012199999764561653 0.0014680000022053719
0.0006709999870508909 0.0014690000098198652
0.0014769999543204904 0.0014850000152364373
0.0011790000135079026 0.001500000013038516
0.0011159999994561076 0.0015109999803826213
0.0014600000577047467 0.00152299995534122
0.0013760000001639128 0.0015409999759867787
0.0014669999945908785 0.0016459999606013298
0.0015249999705702066 0.0016599999507889152
0.0013000000035390258 0.001677999971434474
0.0016830000095069408 0.0016949999844655395
0.001639000023715198 0.0017130000051110983
0.0014430000446736813 0.0017170000355690718
0.0015059999423101544 0.0017170000355690718
0.0015330000314861536 0.0017290000105276704
0.0013889999827370048 0.0017859999788925052
0.0012229999992996454 0.0018050000071525574
0.0 0.0018149999668821692
0.0014900000533089042 0.001820000004954636
0.001690999954007566 0.0018210000125691295
0.0 0.0018309999722987413
0.0 0.0018390000332146883
0.0 0.001841000048443675
0.0009420000133104622 0.0018420000560581684
0.0 0.0018439999548718333
7.79999973019585e-05 0.0018439999548718333
0.0009560000034980476 0.00184599997010082
3.999999989900971e-06 0.0018489999929443002
0.0 0.0018489999929443002
0.0 0.0018500000005587935
0.0 0.0018500000005587935
0.0 0.0018500000005587935
2.5999999706982635e-05 0.001851000008173287
0.0 0.0018520000157877803
0.0 0.001854000031016767
0.0 0.001854000031016767
0.0 0.0018570000538602471
0.00042600001324899495 0.0018579999450594187
0.0 0.0018609999679028988
0.0 0.0018609999679028988
0.00021399999968707561 0.001863999990746379
3.000000106112566e-06 0.0018649999983608723
7.000000096013537e-06 0.0018649999983608723
0.0 0.0018660000059753656
0.0 0.001867000013589859
0.0 0.0018680000212043524
0.0 0.0018690000288188457
0.0 0.0018690000288188457
0.0 0.0018710000440478325
0.00042600001324899495 0.0018720000516623259
1.1000000085914508e-05 0.0018779999809339643
0.0 0.0018810000037774444
4.999999873689376e-06 0.0018850000342354178
0.0 0.0018860000418499112
0.0 0.0018870000494644046
0.0 0.0018870000494644046
0.0 0.0018889999482780695
0.00029200001154094934 0.0018909999635070562
0.0 0.0018939999863505363
0.0 0.00190100003965199
0.0016550000291317701 0.00190100003965199
0.0 0.0019099999917671084
0.0 0.0019099999917671084
0.0003699999942909926 0.0019099999917671084
0.0 0.0019109999993816018
0.0 0.0019109999993816018
4.8999998398358e-05 0.0019109999993816018
0.0 0.0019120000069960952
0.0 0.0019120000069960952
0.0 0.0019120000069960952
4.999999873689376e-06 0.0019160000374540687
0.0 0.001917000045068562
0.0 0.001917000045068562
0.0 0.001917000045068562
0.0 0.001917000045068562
0.0 0.001917000045068562
0.0 0.0019180000526830554
0.0 0.0019180000526830554
0.0 0.0019199999514967203
0.0 0.0019199999514967203
0.0 0.0019259999971836805
0.0010359999723732471 0.001930000027641654
0.0010860000038519502 0.0019330000504851341
0.000526999996509403 0.001934999949298799
0.000750000006519258 0.0019389999797567725
0.0 0.0019450000254437327
0.0 0.0019470000406727195
0.0 0.0019490000559017062
0.0 0.0019539999775588512
0.0 0.0019630000460892916
0.0004220000118948519 0.0019630000460892916
0.0 0.0019660000689327717
0.0 0.001970000099390745
0.0 0.001973999897018075
0.0006050000083632767 0.0019749999046325684
0.00028199999360367656 0.0019759999122470617
0.0 0.001984999980777502
0.0002859999949578196 0.001986999996006489
0.0 0.001990000018849969
0.00011000000085914508 0.0019910000264644623
0.0 0.0019920000340789557
0.0 0.002002999885007739
0.0 0.0020039998926222324
0.0 0.002004999900236726
0.0 0.002004999900236726
0.0 0.002004999900236726
0.0002640000020619482 0.002005999907851219
0.0 0.0020069999154657125
0.0 0.002007999923080206
0.0 0.002015999983996153
0.0013310000067576766 0.002015999983996153
0.0 0.002022000029683113
0.0 0.0020310000982135534
0.0005990000208839774 0.00203699991106987
3.999999989900971e-06 0.00203999993391335
0.0013200000394135714 0.0020469999872148037
0.0 0.0020469999872148037
0.0 0.0020469999872148037
0.0 0.002051000017672777
0.0 0.002056000055745244
0.0 0.002061000093817711
7.200000254670158e-05 0.0020630001090466976
0.0 0.002068999921903014
0.0 0.002070999937132001
0.0 0.0020749999675899744
0.0016430000541731715 0.0020810000132769346
0.0003859999997075647 0.0020840000361204147
0.0 0.0020860000513494015
0.0 0.0020860000513494015
0.002067999914288521 0.0020910000894218683
0.000610999995842576 0.002094999887049198
0.0 0.0020959998946636915
0.0 0.0020959998946636915
0.0 0.0020989999175071716
0.0 0.0020989999175071716
0.0 0.0020989999175071716
0.0 0.0021009999327361584
0.0 0.0021059999708086252
0.001724999980069697 0.0021069999784231186
0.0 0.0021069999784231186
0.0 0.0021089999936521053
0.0 0.002111000008881092
0.0 0.0021120000164955854
0.002102999947965145 0.002113000024110079
0.0 0.002114000031724572
0.0018700000364333391 0.0021170000545680523
0.0004659999976865947 0.0021170000545680523
0.0001829999964684248 0.0021200000774115324
0.0003589999978430569 0.0021200000774115324
0.0 0.002124000107869506
0.0 0.0021279999054968357
0.0 0.002128999913111329
7.699999696342275e-05 0.002131999935954809
0.0 0.0021329999435693026
0.0 0.0021349999587982893
0.0 0.002136999974027276
0.0019020000472664833 0.002136999974027276
0.0 0.0021379999816417694
0.0 0.0021389999892562628
6.70000008540228e-05 0.002139999996870756
0.0 0.0021410000044852495
0.0 0.002142000012099743
0.0010770000517368317 0.002145000034943223
0.0 0.0021460000425577164
0.0 0.0021470000501722097
0.001988000003620982 0.002148000057786703
0.0 0.002148000057786703
4.999999873689376e-06 0.0021490000654011965
0.0 0.00215000007301569
0.0 0.0021510000806301832
0.0 0.00215300009585917
0.00011999999696854502 0.00215300009585917
0.002022000029683113 0.0021550001110881567
0.0 0.0021550001110881567
0.0 0.0021569998934865
0.0 0.0021569998934865
0.0 0.002157999901100993
0.0 0.0021589999087154865
0.0 0.00215999991632998
0.0 0.0021609999239444733
0.0 0.0021609999239444733
0.0 0.00216299993917346
0.0 0.0021649999544024467
0.0 0.0021669999696314335
0.0 0.002167999977245927
0.0002469999890308827 0.002167999977245927
0.0 0.0021699999924749136
0.0 0.0021720000077039003
0.00016999999934341758 0.0021720000077039003
0.0 0.0021730000153183937
0.0 0.002174000022932887
0.0 0.0021750000305473804
0.0 0.0021780000533908606
0.0 0.002179000061005354
0.0 0.002179000061005354
7.999999979801942e-06 0.0021800000686198473
0.001851000008173287 0.0021810000762343407
1.1000000085914508e-05 0.0021830000914633274
8.299999899463728e-05 0.0021860001143068075
0.0 0.0021860001143068075
0.0 0.0021879998967051506
0.00044299999717622995 0.002188999904319644
0.0 0.0021899999119341373
0.0010779999429360032 0.0021899999119341373
0.0 0.0021929999347776175
8.099999831756577e-05 0.002194999950006604
0.0 0.0021959999576210976
0.0 0.0021959999576210976
0.0 0.0021979999728500843
0.001728000002913177 0.0021979999728500843
0.0 0.0022009999956935644
0.0 0.002205000026151538
0.0 0.002208000048995018
0.0011759999906644225 0.0022090000566095114
0.0 0.0022090000566095114
0.0 0.0022090000566095114
0.0 0.0022100000642240047
0.0019020000472664833 0.002211000071838498
0.0 0.002211000071838498
0.0 0.002211000071838498
0.0 0.0022150001022964716
3.300000025774352e-05 0.002216000109910965
0.0007999999797903001 0.002216000109910965
0.0 0.002216000109910965
0.00040099999750964344 0.002216000109910965
0.0019759999122470617 0.002216000109910965
0.0 0.0022189998999238014
0.0 0.002219999907538295
0.0 0.002219999907538295
9.999999747378752e-06 0.0022239999379962683
0.0020290000829845667 0.0022249999456107616
9.000000136438757e-05 0.002225999953225255
0.0 0.0022299999836832285
0.0 0.0022319999989122152
0.0 0.002234000014141202
0.0 0.0022360000293701887
0.0 0.002239000052213669
0.0 0.002239000052213669
0.0 0.002239000052213669
0.0003859999997075647 0.0022440000902861357
7.000000096013537e-06 0.0022460001055151224
0.0013269999762997031 0.0022460001055151224
0.0 0.002248999895527959
0.0 0.002248999895527959
5.8000001445179805e-05 0.0022509999107569456
9.999999747378752e-06 0.0022509999107569456
0.0 0.0022529999259859324
0.0006050000083632767 0.0022539999336004257
0.0 0.002254999941214919
0.0 0.0022559999488294125
0.0 0.002257999964058399
0.0012280000373721123 0.002257999964058399
0.0 0.0022609999869018793
0.0011599999852478504 0.002265000017359853
0.0 0.002266000024974346
0.0 0.002266000024974346
0.0 0.0022670000325888395
0.0 0.0022670000325888395
0.0 0.0022690000478178263
0.0 0.002271000063046813
0.0 0.0022770001087337732
4.5000000682193786e-05 0.0022780001163482666
0.0009270000155083835 0.0022789998911321163
0.0 0.0022819999139755964
0.0 0.00228299992159009
0.0 0.00228299992159009
0.001547000021673739 0.0022869999520480633
0.0 0.00228899996727705
0.002019000006839633 0.0022950000129640102
0.0 0.0022960000205785036
9.999999747378752e-06 0.0022960000205785036
0.0 0.002305000089108944
0.0014220000011846423 0.002308000111952424
0.0021490000654011965 0.002314999932423234
0.0 0.0023169999476522207
0.0 0.0023189999628812075
0.0 0.002319999970495701
0.0 0.002320999978110194
0.001854000031016767 0.0023219999857246876
0.0018110000528395176 0.0023240000009536743
0.0011970000341534615 0.0023250000085681677
0.0 0.0023270000237971544
0.0 0.002329000039026141
0.0 0.0023300000466406345
0.0 0.0023360000923275948
0.00010900000052060932 0.002337000099942088
0.0 0.002337000099942088
0.0007880000048317015 0.002337000099942088
0.0013539999490603805 0.0023380001075565815
0.0 0.0023399998899549246
0.0020089999306946993 0.002340999897569418
0.0 0.0023449999280273914
0.0009389999904669821 0.0023479999508708715
0.00011899999663000926 0.002348999958485365
0.0 0.0023539999965578318
0.00014000000373926014 0.0023539999965578318
0.002240000059828162 0.0023560000117868185
0.0 0.0023560000117868185
0.0 0.002357000019401312
0.0 0.0023590000346302986
0.0 0.0023590000346302986
0.001259000040590763 0.0023610000498592854
0.0 0.0023620000574737787
0.0008510000188834965 0.0023640000727027655
0.001386999967508018 0.002372999908402562
0.0 0.002377999946475029
0.00204299995675683 0.0023789999540895224
3.999999989900971e-06 0.0023819999769330025
0.0 0.0023819999769330025
0.0019039999460801482 0.002382999984547496
0.0 0.002382999984547496
0.0 0.002386000007390976
1.1000000085914508e-05 0.0023870000150054693
0.002015999983996153 0.0023960000835359097
0.0 0.0024049999192357063
0.0 0.002406999934464693
0.0 0.0024109999649226665
0.0 0.0024129999801516533
0.0 0.0024170000106096268
0.00035700001171790063 0.0024210000410676003
0.0014609999489039183 0.0024220000486820936
0.0 0.0024270000867545605
7.100000220816582e-05 0.0024349999148398638
0.0011549999471753836 0.002437999937683344
0.0 0.0024389999452978373
3.999999989900971e-06 0.0024419999681413174
0.0022770001087337732 0.0024480000138282776
9.000000318337698e-06 0.0024480000138282776
1.2999999853491317e-05 0.0024480000138282776
0.0009260000078938901 0.0024629998952150345
0.0008900000248104334 0.002463999902829528
0.001988000003620982 0.002472999971359968
0.0 0.002472999971359968
0.0 0.002481000032275915
0.0008999999845400453 0.0024850000627338886
0.0015579999890178442 0.0024979999288916588
0.0008500000112690032 0.002509000012651086
0.000371000001905486 0.002509000012651086
0.0013810000382363796 0.0025140000507235527
0.000615999975707382 0.002518000081181526
0.0 0.0025190000887960196
0.0004309999931138009 0.0025210001040250063
0.0 0.0025239998940378428
0.0008970000199042261 0.002524999901652336
0.0 0.002524999901652336
0.002234000014141202 0.0025259999092668295
0.00022499999613501132 0.0025279999244958162
0.001820000004954636 0.0025289999321103096
0.0 0.0025309999473392963
0.0021210000850260258 0.0025319999549537897
0.0 0.0025339999701827765
0.0 0.0025339999701827765
0.0 0.0025369999930262566
0.0013129999861121178 0.0025390000082552433
0.0017340000486001372 0.0025390000082552433
0.001930000027641654 0.0025450000539422035
0.000295000005280599 0.0025690000038594007
0.0012959999730810523 0.002584999892860651
0.00228299992159009 0.0025889999233186245
0.0015490000369027257 0.002589999930933118
6.70000008540228e-05 0.0025909999385476112
0.0006210000137798488 0.002592999953776598
0.0 0.0025939999613910913
2.700000004551839e-05 0.0025949999690055847
0.0022269999608397484 0.002595999976620078
0.00228299992159009 0.0025969999842345715
0.0006339999963529408 0.0025969999842345715
0.0 0.0025969999842345715
0.0 0.002597999991849065
0.002372999908402562 0.002598999999463558
0.0 0.002598999999463558
0.0 0.002601000014692545
0.00010299999848939478 0.0026030000299215317
0.0008779999916441739 0.002607000060379505
0.0007570000016130507 0.0026110000908374786
1.9999999494757503e-05 0.002621999941766262
0.0017810000572353601 0.002621999941766262
0.0024129999801516533 0.002633000025525689
0.00041599999531172216 0.002635000040754676
0.0007970000151544809 0.0026390000712126493
0.0025629999581724405 0.002643000101670623
2.5999999706982635e-05 0.002643000101670623
0.0017109999898821115 0.002644000109285116
0.0 0.002662000013515353
0.0 0.0026630000211298466
0.0 0.0026650000363588333
0.0009590000263415277 0.002675000112503767
0.0012519999872893095 0.0026829999405890703
3.999999989900971e-06 0.0026829999405890703
4.999999873689376e-06 0.0026839999482035637
0.0002739999908953905 0.002689999993890524
0.0 0.002689999993890524
0.0021840000990778208 0.0027089999057352543
0.0021089999936521053 0.002713999943807721
0.00048600000445730984 0.002713999943807721
0.0014649999793618917 0.0027209999971091747
0.0017209999496117234 0.0027230000123381615
0.0 0.002725000027567148
0.001905999961309135 0.0027290000580251217
0.0011579999700188637 0.002730000065639615
0.0 0.002732000080868602
0.0 0.0027340000960975885
0.0019580000080168247 0.0027360001113265753
0.00047900000936351717 0.002741999924182892
0.000195999993593432 0.0027520000003278255
0.00010399999882793054 0.0027550000231713057
0.001626000041142106 0.0027600000612437725
0.0 0.0027699999045580626
0.0 0.002770999912172556
0.002741999924182892 0.0027860000263899565
0.002317999955266714 0.0027860000263899565
0.0016530000139027834 0.00278700003400445
0.0027799999807029963 0.00279000005684793
3.999999989900971e-06 0.00279000005684793
0.0006060000159777701 0.0027920000720769167
0.0005660000024363399 0.0027940000873059034
0.001993000041693449 0.0028029999230057
0.00016799999866634607 0.002824000082910061
0.00011700000322889537 0.002836999949067831
0.002607000060379505 0.0028429999947547913
0.0012489999644458294 0.0028429999947547913
1.4999999621068127e-05 0.002845000009983778
0.0005339999916031957 0.0028470000252127647
0.0 0.0028510000556707382
0.0025279999244958162 0.0028639999218285084
0.0005569999921135604 0.002865999937057495
0.0026700000744313 0.0028669999446719885
0.0 0.0028729999903589487
0.0021619999315589666 0.0028729999903589487
0.0 0.0028810000512748957
0.0008500000112690032 0.0028890001121908426
0.00016799999866634607 0.0029060000088065863
0.0011309999972581863 0.002920999890193343
4.999999873689376e-06 0.00292299990542233
0.0007350000087171793 0.00292299990542233
0.0026730000972747803 0.0029239999130368233
1.2999999853491317e-05 0.00292599992826581
0.0022960000205785036 0.0029279999434947968
0.0025859999004751444 0.002942000050097704
3.000000106112566e-06 0.0029490001033991575
0.002635000040754676 0.0029539999086409807
0.0 0.0029690000228583813
0.0022460001055151224 0.0029720000457018614
0.0011650000233203173 0.002982999896630645
0.0022350000217556953 0.002983999904245138
0.0013760000001639128 0.002985999919474125
0.0015239999629557133 0.002985999919474125
0.0012150000547990203 0.0029959999956190586
0.002355000004172325 0.003010000102221966
0.001019999966956675 0.0030159999150782824
0.0 0.0030239999759942293
0.0 0.0030300000216811895
0.000291000003926456 0.0030380000825971365
0.0026990000624209642 0.0030449999030679464
0.0016329999780282378 0.00304599991068244
0.0002570000069681555 0.00304899993352592
0.0017389999702572823 0.0030499999411404133
0.0016599999507889152 0.003056999994441867
0.002876000013202429 0.0030610000248998404
0.0025369999930262566 0.003068000078201294
0.00013600000238511711 0.0030769999139010906
0.00046499999007210135 0.0030849999748170376
0.0 0.0030869999900460243
0.0002770000137388706 0.003103999886661768
0.0004900000058114529 0.0031169999856501818
0.00033599999733269215 0.003126000054180622
0.0026390000712126493 0.0031320000998675823
0.003011000109836459 0.0031330001074820757
0.0 0.0031640001107007265
0.0002840000088326633 0.0031769999768584967
0.002131999935954809 0.003198999911546707
0.0 0.003200999926775694
0.0031620000954717398 0.0032130000181496143
0.0021720000077039003 0.0032250001095235348
0.0017519999528303742 0.0032659999560564756
0.001766999950632453 0.0032790000550448895
0.002589999930933118 0.0032840000931173563
0.002988999942317605 0.003318999893963337
0.0016659999964758754 0.003361999988555908
0.0022929999977350235 0.003384999930858612
0.002756000030785799 0.003410999896004796
0.002831999910995364 0.0034290000330656767
0.0002749999985098839 0.003447999944910407
0.002491000108420849 0.003470000112429261
0.0011259999591857195 0.0034839999862015247
0.0 0.0034990001004189253
0.003002000041306019 0.00356299988925457
0.0 0.0035880000796169043
0.0015569999814033508 0.0035959999077022076
0.0034129999112337828 0.003601999953389168
0.003037000074982643 0.0036120000295341015
0.003169999923557043 0.0036230001132935286
0.003367000026628375 0.003645000047981739
0.00016199999663513154 0.003653000108897686
0.0023380001075565815 0.0036720000207424164
0.0 0.003684000112116337
0.003544999985024333 0.0036959999706596136
0.00355900009162724 0.003708000062033534
0.0035089999437332153 0.0037159998901188374
0.002616999903693795 0.0037219999358057976
0.0011180000146850944 0.0037330000195652246
0.0 0.0037750001065433025
1.4999999621068127e-05 0.0037869999650865793
0.0 0.003794000018388033
0.0024470000062137842 0.0038389998953789473
0.0 0.0038509999867528677
2.8000000384054147e-05 0.003851999994367361
0.0 0.0038620000705122948
0.003742000088095665 0.003942000214010477
0.0 0.003949000034481287
0.001550000044517219 0.00395399983972311
0.0 0.003963000141084194
0.0 0.003996000159531832
0.000526999996509403 0.003998999949544668
0.002885000081732869 0.004015999846160412
0.0 0.004036999773234129
0.0009830000344663858 0.004046000074595213
0.0008360000210814178 0.004048999864608049
0.00027799999224953353 0.004050999879837036
0.0 0.004056999925523996
7.500000356230885e-05 0.004058000165969133
0.0 0.004062999971210957
0.0038689998909831047 0.004064000211656094
0.0025239998940378428 0.004089000169187784
0.003897000104188919 0.004095000214874744
0.0033480001147836447 0.0041069998405873775
0.0034209999721497297 0.004118999931961298
0.0031789999920874834 0.0041519999504089355
0.0 0.0041600000113248825
0.00021300000662449747 0.004178999923169613
0.0 0.0041809999383986
0.0 0.004188999999314547
0.0 0.0042119999416172504
0.0 0.004219000227749348
0.0 0.004230999853461981
0.0 0.0042489999905228615
0.0 0.004251000005751848
0.004122000187635422 0.004255000036209822
0.0018500000005587935 0.004265000112354755
0.0 0.004269000142812729
0.0 0.0043299999088048935
0.0008520000264979899 0.0043310001492500305
0.0 0.004368999972939491
0.0 0.004381000064313412
0.0002519999979995191 0.004385000094771385
0.0 0.004397999960929155
0.0 0.004401999991387129
0.0 0.004404000006616116
0.003100000089034438 0.004404999781399965
0.0 0.004428999964147806
0.002770999912172556 0.00444599986076355
0.0038789999671280384 0.004447000101208687
0.003278000047430396 0.004447000101208687
0.004348000045865774 0.0044479998759925365
0.0 0.004466999787837267
0.0 0.004474999848753214
4.999999873689376e-06 0.004476000089198351
0.002759000053629279 0.004486000165343285
9.999999747378752e-06 0.004497000016272068
0.002492000116035342 0.004542999900877476
0.0024979999288916588 0.0045449999161064625
0.0 0.004550000187009573
0.000582000007852912 0.004550999961793423
0.0011699999449774623 0.0045779999345541
0.0 0.004594999831169844
2.700000004551839e-05 0.004604000132530928
0.0035800000187009573 0.004608999937772751
0.00015999999595806003 0.004612999968230724
0.0009660000214353204 0.0046179997734725475
0.00430699996650219 0.0046339998953044415
0.0 0.0046640001237392426
0.0 0.004666000138968229
0.0 0.00470300018787384
0.004135000053793192 0.004712000023573637
0.0017979999538511038 0.004730000160634518
0.00011500000255182385 0.004732000175863504
3.400000059627928e-05 0.0047610001638531685
0.0030219999607652426 0.004784000106155872
0.0018179999897256494 0.004794000182300806
0.00418699998408556 0.004821000155061483
0.004333000164479017 0.004825000185519457
0.0034280000254511833 0.004846000112593174
0.0003929999948013574 0.004854000173509121
0.0 0.0048699998296797276
0.0 0.004891999997198582
0.004093000199645758 0.004902000073343515
0.0031270000617951155 0.004922000225633383
0.0037849999498575926 0.00493700010702014
0.0 0.004937999881803989
0.0 0.004945999942719936
0.0 0.004947999957948923
0.0 0.00494999997317791
0.003114999970421195 0.004964999854564667
0.00038899999344721437 0.004987999796867371
0.0 0.004995000082999468
2.9000000722589903e-05 0.005009000189602375
0.0 0.005016000010073185
0.0 0.005020999815315008
0.0008629999938420951 0.005020999815315008
0.00035700001171790063 0.005024999845772982
0.004441000055521727 0.005032000131905079
0.004449000116437674 0.0050409999676048756
0.0 0.005045999772846699
0.0027570000384002924 0.00507500022649765
0.0 0.005084000062197447
0.005036999937146902 0.0050929998978972435
0.0049600000493228436 0.005123999901115894
0.0 0.005125000141561031
0.003218000056222081 0.005150999873876572
0.001744000008329749 0.005185999907553196
0.0 0.00519500020891428
0.0 0.005204999819397926
0.0 0.005206000059843063
0.004970000125467777 0.005239999853074551
0.0 0.005268000066280365
0.00019500000053085387 0.005280999932438135
0.0 0.005291000008583069
0.002188999904319644 0.005291000008583069
0.005104999989271164 0.005297000054270029
0.003361999988555908 0.0052999998442828655
0.0003800000122282654 0.005324000027030706
0.0 0.005332000087946653
0.00014699999883305281 0.005338000133633614
0.005018999800086021 0.005338999908417463
0.003984000068157911 0.005350999999791384
0.000707999977748841 0.005355999805033207
0.004255999810993671 0.005359000060707331
0.0 0.00535999983549118
0.0010260000126436353 0.005379000212997198
0.0009139999747276306 0.005386000033468008
0.005011000204831362 0.005429000128060579
0.004693999886512756 0.005429999902844429
0.0 0.005444000009447336
0.0013699999544769526 0.005468999966979027
3.000000106112566e-06 0.0054790000431239605
2.499999936844688e-05 0.005487999878823757
0.0036120000295341015 0.005493999924510717
0.004461000207811594 0.005497000180184841
0.003323999932035804 0.005514000076800585
0.0 0.005555000156164169
0.004637999925762415 0.005555999930948019
0.0016580000519752502 0.005568999797105789
0.00481799989938736 0.005582000128924847
0.0019150000298395753 0.0056329998187720776
0.0006380000268109143 0.005644999910145998
2.5999999706982635e-05 0.005650999955832958
0.003854000009596348 0.005652999971061945
0.0 0.005669000092893839
0.0 0.005708000157028437
0.004110000096261501 0.005772999953478575
2.5999999706982635e-05 0.0058109997771680355
0.0 0.0058200000785291195
0.0035570000763982534 0.005840000230818987
0.0 0.005853000096976757
0.005204999819397926 0.005861999932676554
0.0056039998307824135 0.005938999820500612
1.8000000636675395e-05 0.005942000076174736
0.004523000214248896 0.0059739998541772366
0.0 0.006002000067383051
0.0 0.006035999860614538
0.0052919997833669186 0.006074999924749136
0.005625999998301268 0.006089999806135893
0.0008570000063627958 0.0061240000650286674
0.0 0.0061690001748502254
0.0 0.006213999819010496
0.005669000092893839 0.006252000108361244
9.899999713525176e-05 0.006254999898374081
0.0 0.006264000199735165
0.004598999861627817 0.0062859999015927315
0.0 0.006293000187724829
0.004015999846160412 0.006310999859124422
0.0011309999972581863 0.006328000221401453
0.002191999927163124 0.006347999908030033
0.0026579999830573797 0.006409999914467335
0.0 0.006411000154912472
0.0 0.006424999795854092
0.005975999869406223 0.006428000051528215
0.0007440000190399587 0.006446000188589096
0.0 0.0064559997990727425
0.0022869999520480633 0.006496999878436327
0.0014669999945908785 0.006515999790281057
0.0036329999566078186 0.0065299998968839645
0.0003220000071451068 0.006552999839186668
0.0 0.006566000171005726
0.00026500000967644155 0.006591999903321266
0.002672000089660287 0.006599999964237213
0.0 0.006603999994695187
0.0 0.006604999769479036
0.0023799999617040157 0.00660800002515316
0.0032470000442117453 0.0066109998151659966
0.006374000106006861 0.0066109998151659966
0.0 0.006694000214338303
0.0 0.0067010000348091125
0.002032000105828047 0.006713000126183033
0.006384999956935644 0.00672800000756979
3.099999958067201e-05 0.006744000129401684
3.300000025774352e-05 0.006759000010788441
0.0 0.006787000223994255
0.0 0.006794999819248915
0.0064039998687803745 0.006825000047683716
0.0 0.0068270000629127026
0.0 0.006829999852925539
3.300000025774352e-05 0.006839999929070473
0.0016090000281110406 0.006899000145494938
0.00017800000205170363 0.006909999996423721
0.0 0.006945999804884195
0.006926999893039465 0.006963999941945076
0.005158999934792519 0.007007999811321497
0.0 0.007027000188827515
0.006395999807864428 0.0070329997688531876
0.0007060000207275152 0.007058999966830015
0.006244999822229147 0.007063999772071838
0.006703999824821949 0.007114999927580357
0.005809000227600336 0.007135999854654074
0.002768999896943569 0.007143999915570021
0.0 0.007164000067859888
0.0004949999856762588 0.007172999903559685
9.000000136438757e-05 0.007176999934017658
0.0 0.0072119999676942825
0.006118000019341707 0.007218000013381243
0.0 0.007228999864310026
0.0031709999311715364 0.00723200011998415
0.0 0.0072929998859763145
0.0026549999602138996 0.007313999813050032
0.0005859999801032245 0.007313999813050032
3.999999989900971e-06 0.007344000041484833
0.0070859999395906925 0.0073449998162686825
4.999999873689376e-06 0.00737700005993247
0.0015539999585598707 0.007385000120848417
0.0 0.007387000136077404
0.0 0.007416000124067068
0.0 0.007431999780237675
0.0 0.007459999993443489
0.007296999916434288 0.007464999798685312
6.199999916134402e-05 0.007495999801903963
0.0 0.0075090001337230206
0.0 0.007513000164180994
0.0 0.007530000060796738
0.0069599999114871025 0.007532000076025724
0.007215000223368406 0.007584999781101942
0.0058929999358952045 0.007592999842017889
0.005956000182777643 0.007612000219523907
0.004505000077188015 0.0076419999822974205
0.0 0.007646999787539244
0.00457700015977025 0.007652999833226204
0.0 0.007660999894142151
0.0 0.007666000165045261
0.0029150000773370266 0.007670000195503235
0.0 0.007691999897360802
0.0024679999332875013 0.007699999958276749
0.0 0.007720000110566616
0.007406999822705984 0.0077669997699558735
0.0 0.007778000086545944
0.0 0.0077840001322329044
0.005615999922156334 0.007786999922245741
0.005810000002384186 0.007790999952703714
0.007350000087171793 0.007794000208377838
0.0 0.007794000208377838
8.199999865610152e-05 0.007818999700248241
0.005499000195413828 0.007845000363886356
0.007207000162452459 0.007849999703466892
0.0 0.007859000004827976
0.0 0.007872000336647034
0.0 0.007977999746799469
0.0 0.00800700020045042
0.0 0.00800899975001812
0.0 0.008043999783694744
0.0 0.00804699957370758
0.00024399999529123306 0.008088000118732452
0.0 0.00812000036239624
0.007697000168263912 0.00812899973243475
0.0 0.008132999762892723
0.007451999932527542 0.008155000396072865
0.005111000034958124 0.008186999708414078
0.00010399999882793054 0.008201000280678272
0.0039369999431073666 0.008221999742090702
0.0 0.008229999803006649
0.0 0.00823500007390976
0.005152000114321709 0.008287999778985977
0.0 0.008333000354468822
0.0 0.008356000296771526
0.00164899998344481 0.008376999758183956
0.0 0.008383000269532204
0.0012519999872893095 0.008409000001847744
0.0 0.008422999642789364
0.0008660000166855752 0.008430000394582748
0.0 0.008485999889671803
0.0 0.008519000373780727
0.0 0.008534000255167484
0.0 0.008546000346541405
0.0 0.008580000139772892
0.005415999796241522 0.00864499993622303
0.0 0.008666999638080597
0.0 0.008667999878525734
0.0 0.008755999617278576
0.0 0.00878200028091669
0.00020300000323913991 0.008810999803245068
0.0 0.008825000375509262
0.0 0.008848000317811966
0.0 0.008861999958753586
0.0 0.008894000202417374
0.004149000160396099 0.008899999782443047
0.0 0.00890900008380413
0.0 0.008930999785661697
0.0 0.008958999998867512
0.008774000220000744 0.008960999548435211
0.0074430000968277454 0.008968000300228596
0.005150999873876572 0.008981999941170216
0.0016250000335276127 0.008988999761641026
0.0 0.00901699997484684
0.00013099999341648072 0.009065000340342522
0.0 0.009095000103116035
0.0002119999990100041 0.009105999954044819
0.0029410000424832106 0.009128999896347523
0.000754999986384064 0.00913699995726347
0.0 0.009146999567747116
0.0 0.0091559998691082
0.007120000198483467 0.009185999631881714
0.0019920000340789557 0.009189000353217125
0.0014309999532997608 0.009270000271499157
1.4000000192027073e-05 0.009332999587059021
0.001357999979518354 0.009348999708890915
0.00811699964106083 0.009355000220239162
0.008948000147938728 0.009358000010251999
0.0 0.009383000433444977
0.007903999648988247 0.00938900001347065
0.0 0.009421999566257
0.0 0.009442999958992004
0.008402000181376934 0.009448000229895115
0.0 0.00948300026357174
0.0 0.009498000144958496
0.008755000308156013 0.009560000151395798
0.0 0.009580999612808228
0.004373000003397465 0.009581999853253365
0.0 0.009603000245988369
0.0 0.009603999555110931
0.0005089999758638442 0.009665999561548233
1.8999999156221747e-05 0.009670999832451344
0.006812000181525946 0.009712999686598778
0.0 0.009730000048875809
0.0 0.009743999689817429
0.0 0.00977999996393919
0.0039059999398887157 0.009863999672234058
0.009486000053584576 0.009872999973595142
0.0 0.009934999980032444
0.0059009999968111515 0.009964000433683395
0.0 0.010015999898314476
0.0 0.01013300009071827
0.0006680000224150717 0.010200999677181244
0.0 0.010226000100374222
0.0 0.010230000130832195
0.0 0.010250999592244625
0.0015040000434964895 0.01040900032967329
0.0 0.010413999669253826
0.0015200000489130616 0.010459000244736671
0.00013800000306218863 0.010475000366568565
0.002242000075057149 0.01054299995303154
0.006422999780625105 0.010580999776721
0.006742999888956547 0.010613000020384789
0.010242000222206116 0.010669000446796417
0.0 0.01070799957960844
0.0058200000785291195 0.010753000155091286
0.00892299972474575 0.010761000216007233
0.002469999948516488 0.01080199982970953
0.0 0.010882999747991562
0.0004070000140927732 0.01091699954122305
0.0 0.010935000143945217
0.0 0.010951000265777111
0.0 0.010955999605357647
0.0020570000633597374 0.010963000357151031
0.0 0.010966000147163868
0.008620000444352627 0.010975000448524952
0.010900000110268593 0.010986000299453735
0.00019299999985378236 0.010990999639034271
0.0 0.011029999703168869
0.0 0.011056999675929546
0.009216999635100365 0.01117900013923645
0.009921000339090824 0.011250999756157398
0.0 0.011278999969363213
0.0010499999625608325 0.011278999969363213
0.0 0.01130599994212389
0.010960999876260757 0.011342000216245651
0.009496999904513359 0.011385000310838223
0.009835000149905682 0.011446000076830387
0.010367999784648418 0.011474999599158764
0.004044000059366226 0.01157199963927269
0.0026149998884648085 0.011587999761104584
0.0 0.01159599982202053
0.0 0.011663000099360943
0.005822999868541956 0.01166599988937378
0.00108299998100847 0.011738000437617302
0.00974200014024973 0.011769999749958515
0.0 0.011769999749958515
0.0 0.01184799987822771
0.009220000356435776 0.011862999759614468
0.0005559999844990671 0.011884000152349472
0.011745000258088112 0.01193500030785799
0.0014890000456944108 0.011997999623417854
0.010312999598681927 0.012079999782145023
0.00877199973911047 0.01208100002259016
0.0010770000517368317 0.012091999873518944
0.0 0.012112000025808811
0.0 0.012118999846279621
0.007232999894768 0.012143000029027462
0.001598999951966107 0.012242999859154224
0.011510999873280525 0.012271000072360039
0.0 0.01244099996984005
0.0011309999972581863 0.012463999912142754
0.011866999790072441 0.012556999921798706
0.0 0.012559999711811543
0.012129000388085842 0.012564999982714653
0.01117200031876564 0.012609000317752361
0.009677999652922153 0.012659999541938305
0.0 0.012684999965131283
0.0 0.0129399998113513
0.0 0.013086999766528606
0.01105399988591671 0.013252000324428082
0.0037150001153349876 0.013364000245928764
0.011603999882936478 0.01350099965929985
0.0 0.013566000387072563
0.0 0.01362599991261959
0.012427999638020992 0.013694999739527702
0.0 0.013830999843776226
0.013762000016868114 0.013864999637007713
0.011474999599158764 0.014059999957680702
0.0 0.014100000262260437
0.0 0.014297000132501125
7.999999797903001e-05 0.014341999776661396
3.600000127335079e-05 0.014449000358581543
0.0022269999608397484 0.014460000209510326
0.012045999988913536 0.014484000392258167
0.0 0.014518000185489655
0.0 0.014541000127792358
0.0017450000159442425 0.014557999558746815
0.010638000443577766 0.014673000201582909
0.011361000128090382 0.014673000201582909
0.0017859999788925052 0.014688000082969666
0.005322999786585569 0.01481700036674738
0.008546000346541405 0.015045000240206718
0.011787000112235546 0.015273000113666058
0.0013259999686852098 0.015320000238716602
0.013964000158011913 0.015345999971032143
0.008860999718308449 0.015544000081717968
0.008449999615550041 0.015737999230623245
0.0003330000035930425 0.01578100025653839
0.0006280000088736415 0.015814000740647316
0.0009889999637380242 0.015867000445723534
0.011901999823749065 0.015877999365329742
0.012536999769508839 0.015901999548077583
0.015742000192403793 0.015905000269412994
0.0 0.01607000082731247
0.0032939999364316463 0.016117999330163002
0.0 0.01626400090754032
0.0 0.016481000930070877
0.006870000157505274 0.01649799942970276
0.008812000043690205 0.016522999852895737
0.012236000038683414 0.016589000821113586
0.0 0.016797000542283058
0.0 0.01690799929201603
0.004486000165343285 0.01707099936902523
0.0056119998916983604 0.017222000285983086
0.0 0.017427999526262283
2.700000004551839e-05 0.017438000068068504
0.0 0.017715999856591225
0.008236999623477459 0.017758000642061234
0.008194000460207462 0.018428999930620193
0.004488999955356121 0.018472999334335327
0.0 0.01851700060069561
0.0 0.01863200031220913
0.0 0.018820999190211296
0.005872000008821487 0.01893799938261509
0.0 0.01902100071310997
0.0 0.01909800060093403
0.0 0.019099999219179153
0.0 0.019120000302791595
0.0 0.019284000620245934
0.0 0.01930299960076809
0.0009050000226125121 0.01947000063955784
0.01707400009036064 0.01952500082552433
0.0013729999773204327 0.020034000277519226
0.00017699999443721026 0.020201999694108963
0.019811000674962997 0.020766999572515488
0.01945899985730648 0.02080399915575981
0.002222999930381775 0.020919999107718468
0.011795000173151493 0.02115900069475174
0.0 0.021347999572753906
0.02022700011730194 0.022034000605344772
0.015041000209748745 0.022071000188589096
0.0008440000237897038 0.02235100045800209
0.0 0.02256700024008751
0.0005169999785721302 0.022732000797986984
0.0 0.02317100018262863
0.0 0.023188000544905663
0.019215000793337822 0.023189999163150787
0.004581000190228224 0.023257000371813774
4.8000001697801054e-05 0.023639999330043793
0.005224999971687794 0.023924000561237335
0.021161999553442 0.024166999384760857
2.9000000722589903e-05 0.024181999266147614
0.0 0.024322999641299248
0.020377999171614647 0.024431999772787094
0.0 0.024497000500559807
0.02296599932014942 0.02452000044286251
0.0 0.024847999215126038
0.0 0.025144999846816063
0.003567999927327037 0.025165000930428505
0.0 0.025303000584244728
0.024997999891638756 0.02544499933719635
0.0 0.025978999212384224
0.025346999987959862 0.025985000655055046
4.999999873689376e-06 0.02624399960041046
0.007228999864310026 0.026770999655127525
0.0 0.02694600075483322
0.001505000051110983 0.027303999289870262
0.004654000047594309 0.027360999956727028
0.005876000039279461 0.027526000514626503
0.014953999780118465 0.02780199982225895
0.0 0.02796499989926815
0.027855999767780304 0.02848600037395954
0.0009449999779462814 0.028498999774456024
0.00021699999342672527 0.029867999255657196
0.009150000289082527 0.029961999505758286
0.0 0.030239000916481018
0.0 0.030587999150156975
0.0 0.030942000448703766
0.025011999532580376 0.03123999945819378
0.0 0.03186900168657303
0.00024300000222865492 0.03251500055193901
0.0 0.03309100121259689
0.0 0.03350299969315529
3.000000106112566e-06 0.033730000257492065
0.0 0.03405199944972992
0.0 0.03418799862265587
0.0 0.03447100147604942
0.00216299993917346 0.03463900089263916
0.0 0.03464600071310997
0.005557000171393156 0.0347599983215332
0.02665800042450428 0.03477900102734566
0.0300890002399683 0.035631000995635986
0.03286299854516983 0.0356610007584095
0.0 0.03662699833512306
0.017678000032901764 0.03713599964976311
0.0002629999944474548 0.03739200159907341
0.0 0.03759799897670746
7.999999979801942e-06 0.03775700181722641
0.0 0.03827299922704697
0.0 0.03855999931693077
0.039900001138448715 0.04028499871492386
3.000000106112566e-06 0.04037100076675415
0.02098499983549118 0.04082300141453743
0.0 0.042176999151706696
0.0 0.04435500130057335
5.999999848427251e-05 0.04659600183367729
0.0 0.04764299839735031
0.0 0.04773300141096115
0.0 0.04952999949455261
0.0 0.053488001227378845
0.0 0.053606998175382614
0.0 0.05843399837613106
0.03096899949014187 0.0741259977221489
0.07695099711418152 0.07722900062799454
0.0 0.08314300328493118
0.09511300176382065 0.10639999806880951
0.0 0.1087300032377243
0.003843999933451414 0.11892999708652496
0.01942400075495243 0.1251000016927719
0.0 0.12925000488758087
0.1117200031876564 0.1353600025177002
0.0 0.14065000414848328
0.07152800261974335 0.1706099957227707
0.1262200027704239 0.31352999806404114
